header: 
  seq: 2049
  stamp: 
    secs: 1639078067
    nsecs: 603665113
  frame_id: "odom"
child_frame_id: "base_link"
pose: 
  pose: 
    position: 
      x: 0.741928935051
      y: 0.00137478974648
      z: 0.0
    orientation: 
      x: 0.0
      y: 0.0
      z: 0.00224548808653
      w: 0.999997478888
  covariance: [0.0, 0.0, 0.0, 0.0, 0.0, 0.0, 0.0, 0.0, 0.0, 0.0, 0.0, 0.0, 0.0, 0.0, 0.0, 0.0, 0.0, 0.0, 0.0, 0.0, 0.0, 0.0, 0.0, 0.0, 0.0, 0.0, 0.0, 0.0, 0.0, 0.0, 0.0, 0.0, 0.0, 0.0, 0.0, 0.0]
twist: 
  twist: 
    linear: 
      x: 0.741928935051
      y: 0.00137478974648
      z: 0.0
    angular: 
      x: 0.0
      y: 0.0
      z: 0.00449097994715
  covariance: [0.0, 0.0, 0.0, 0.0, 0.0, 0.0, 0.0, 0.0, 0.0, 0.0, 0.0, 0.0, 0.0, 0.0, 0.0, 0.0, 0.0, 0.0, 0.0, 0.0, 0.0, 0.0, 0.0, 0.0, 0.0, 0.0, 0.0, 0.0, 0.0, 0.0, 0.0, 0.0, 0.0, 0.0, 0.0, 0.0]
---

